-42.0520 -559.2630
-43.5595 -569.3354
-45.6037 -575.7957
-51.1570 -582.2560
-51.1570 -582.2560
-51.1570 -582.2560
-56.4592 -586.4731
-57.9544 -589.4247
-58.2114 -592.0647
-58.1558 -595.5529
-57.0937 -599.4497
-57.1891 -601.6002
-59.1270 -604.9896
-62.1442 -608.2744
-62.1442 -608.2744
-64.9340 -614.8020
-64.9340 -614.8020
-64.9340 -614.8020
-66.0371 -620.6236
-65.0503 -626.4452
-60.5213 -633.0080
-56.0275 -643.0817
-54.5290 -652.0230
-54.5290 -652.0230
-54.5290 -652.0230
-55.6230 -657.4180
-55.6230 -657.4180
-55.6230 -657.4180
-58.7500 -664.8420
-58.7500 -664.8420
-58.7500 -664.8420
-60.2660 -674.0030
-60.2660 -674.0030
-62.2397 -679.5461
-66.9950 -685.2570
-66.9950 -685.2570
-66.9950 -685.2570
-69.5553 -691.9043
-70.7939 -698.8158
-74.1760 -706.0840
-74.1760 -706.0840
-74.1760 -706.0840
-77.5308 -713.3440
-80.2570 -723.5080
-80.2570 -723.5080
-80.2570 -723.5080
-81.3480 -729.7805
-85.3070 -736.0530
-85.3070 -736.0530
-85.3070 -736.0530
-89.5866 -739.0605
-94.3430 -740.7950
-94.3430 -740.7950
-94.3430 -740.7950
-98.4090 -741.1142
-102.4750 -743.2650
-102.4750 -743.2650
-102.4750 -743.2650
-103.8880 -747.1140
-103.8880 -747.1140
-103.8880 -747.1140
-103.8290 -750.6490
-103.8290 -750.6490
-103.8290 -750.6490
-99.7850 -755.9710
-99.7850 -755.9710
-99.7850 -755.9710
-92.4620 -762.5700
-92.4620 -762.5700
-92.4620 -762.5700
-86.3370 -766.5370
-86.3370 -766.5370
-86.3370 -766.5370
-81.8210 -767.5980
-81.8210 -767.5980
-81.8210 -767.5980
-77.5560 -767.6540
-77.5560 -767.6540
-77.5560 -767.6540
-68.6510 -765.3044
-59.2675 -763.7528
-49.8840 -763.9700
-49.8840 -763.9700
-49.8840 -763.9700
-43.2550 -765.4440
-43.2550 -765.4440
-43.2550 -765.4440
-36.3110 -768.9170
-36.3110 -768.9170
-36.3110 -768.9170
-33.8910 -770.7070
-33.8910 -770.7070
-33.8910 -770.7070
-30.8400 -776.2850
-30.8400 -776.2850
-30.8400 -776.2850
-30.8400 -780.3218
