-39.5692 -779.9692
-43.6686 -776.2097
-43.6686 -776.2097
-51.5025 -773.2674
-51.5025 -773.2674
-59.8705 -773.1988
-59.8705 -773.1988
-68.1884 -772.2820
-68.1884 -772.2820
-76.6240 -770.1350
-76.6240 -770.1350
-76.6240 -770.1350
-87.8820 -766.6620
-87.8820 -766.6620
-87.8820 -766.6620
-93.2330 -763.8350
-93.2330 -763.8350
-93.2330 -763.8350
-101.0490 -756.7980
-101.0490 -756.7980
-101.0490 -756.7980
-104.1160 -750.7240
-104.1160 -750.7240
-104.1160 -750.7240
-104.2360 -745.3110
-104.2360 -745.3110
-104.2360 -745.3110
-102.4320 -738.6350
-102.4320 -738.6350
-102.4320 -738.6350
-95.9175 -730.1211
-95.9175 -730.1211
-87.5670 -722.5310
-87.5670 -722.5310
-87.5670 -722.5310
-81.7490 -716.5802
-81.7490 -716.5802
-77.6460 -708.9540
-77.6460 -708.9540
-77.6460 -708.9540
-75.0000 -702.0970
-75.0000 -702.0970
-75.0000 -702.0970
-74.5589 -697.4198
-75.9687 -692.7427
-75.6772 -689.8151
-74.5050 -685.7680
-74.5050 -685.7680
-74.5050 -685.7680
-73.1370 -681.9790
-73.1370 -681.9790
-73.1370 -681.9790
-65.5610 -671.4540
-65.5610 -671.4540
-65.5610 -671.4540
-59.7740 -663.4550
-59.7740 -663.4550
-59.7740 -663.4550
-57.8800 -657.2450
-57.8800 -657.2450
-57.8800 -657.2450
-57.7750 -649.3510
-57.7750 -649.3510
-57.7750 -649.3510
-58.8270 -645.5620
-58.8270 -645.5620
-58.8270 -645.5620
-61.3520 -642.5090
-61.3520 -642.5090
-61.3520 -642.5090
-71.4530 -634.1950
-71.4530 -634.1950
-71.4530 -634.1950
-78.0820 -629.9840
-78.0820 -629.9840
-78.0820 -629.9840
-81.1330 -626.7220
-81.1330 -626.7220
-81.1330 -626.7220
-87.9720 -617.6700
-87.9720 -617.6700
-87.9720 -617.6700
-89.1300 -613.1440
-89.1300 -613.1440
-89.1300 -613.1440
-90.6030 -600.9350
-90.6030 -600.9350
-90.6030 -600.9350
-90.2870 -590.3040
-90.2870 -590.3040
-90.2870 -590.3040
-89.5510 -583.7780
-89.5510 -583.7780
-89.5510 -583.7780
-88.7090 -578.3060
-88.7090 -578.3060
-88.7090 -578.3060
-85.5520 -570.9380
-85.5520 -570.9380
-85.5520 -570.9380
-78.7130 -564.7280
-78.7130 -564.7280
-78.7130 -564.7280
-68.7180 -557.9920
-68.7180 -557.9920
