-33.2920 -559.3110
-33.2920 -559.3110
-35.4115 -559.9582
-37.5310 -561.7790
-37.5310 -561.7790
-37.5310 -561.7790
-37.5310 -561.7790
-38.2611 -564.1305
-38.0710 -566.4820
-38.0710 -566.4820
-38.0710 -566.4820
-38.0710 -566.4820
-35.8442 -569.4500
-32.4440 -572.4180
-32.4440 -572.4180
-32.4440 -572.4180
-32.4440 -572.4180
-28.1270 -574.8860
-28.1270 -574.8860
-28.1270 -574.8860
-28.1270 -574.8860
-26.1230 -576.5748
-24.1190 -579.5890
-24.1190 -579.5890
-24.1190 -579.5890
-24.1190 -579.5890
-23.4102 -581.8630
-23.3480 -584.1370
-23.3480 -584.1370
-23.3480 -584.1370
-23.3480 -584.1370
-24.7575 -586.4759
-27.8190 -589.6890
-27.8190 -589.6890
-27.8190 -589.6890
-27.8190 -589.6890
-33.2150 -594.2380
-33.2150 -594.2380
-33.2150 -594.2380
-33.2150 -594.2380
-43.8520 -600.9450
-43.8520 -600.9450
-43.8520 -600.9450
-43.8520 -600.9450
-48.8918 -602.6209
-51.9450 -604.9540
-51.9450 -604.9540
-51.9450 -604.9540
-51.9450 -604.9540
-53.7254 -609.1175
-54.2580 -613.2810
-54.2580 -613.2810
-54.2580 -613.2810
-54.2580 -613.2810
-55.0144 -616.9463
-54.6430 -621.6850
-54.6430 -621.6850
-54.6430 -621.6850
-54.6430 -621.6850
-53.0250 -623.7670
-53.0250 -623.7670
-53.0250 -623.7670
-53.0250 -623.7670
-42.9270 -631.0140
-42.9270 -631.0140
-42.9270 -631.0140
-42.9270 -631.0140
-40.1762 -633.7679
-38.5330 -636.2570
-38.5330 -636.2570
-38.5330 -636.2570
-38.5330 -636.2570
-38.4560 -639.8030
-38.4560 -639.8030
-38.4560 -639.8030
-38.4560 -639.8030
-41.9250 -647.4360
-41.9250 -647.4360
-41.9250 -647.4360
-41.9250 -647.4360
-46.4888 -652.1425
-48.4770 -656.0710
-48.4770 -656.0710
-48.4770 -656.0710
-48.4770 -656.0710
-48.4000 -661.6230
-48.4000 -661.6230
-48.4000 -661.6230
-48.4000 -661.6230
-53.7180 -681.3600
-53.7180 -681.3600
-53.7180 -681.3600
-53.7180 -681.3600
-57.3720 -687.7050
-64.7410 -695.3150
-64.7410 -695.3150
-64.7410 -695.3150
-64.7410 -695.3150
-68.7490 -704.0270
-68.7490 -704.0270
-68.7490 -704.0270
-68.7490 -704.0270
-69.4577 -708.5892
-68.5672 -713.3361
-67.0705 -719.1371
-67.0705 -719.1371
-67.1708 -721.8512
-67.1708 -721.8512
-67.8573 -724.2349
-72.3681 -731.1584
-72.3681 -731.1584
-74.1174 -733.3001
-74.1174 -733.3001
-76.1199 -734.9812
-76.1199 -734.9812
-80.0559 -737.9289
-80.0559 -737.9289
-84.6280 -741.0350
-84.6280 -741.0350
-84.6280 -741.0350
-84.6280 -741.0350
-90.4757 -743.7964
-97.0380 -745.8150
-97.0380 -745.8150
-98.6220 -749.2845
-97.6550 -752.7540
-97.6550 -752.7540
-97.6550 -752.7540
-97.6550 -752.7540
-94.0603 -756.4685
-87.6340 -760.1830
-87.6340 -760.1830
-87.6340 -760.1830
-87.6340 -760.1830
-81.5775 -762.2548
-75.5210 -762.8090
-75.5210 -762.8090
-75.5210 -762.8090
-75.5210 -762.8090
-68.2406 -762.7888
-59.4260 -760.6060
-59.4260 -760.6060
-59.4260 -760.6060
-59.4260 -760.6060
-54.0970 -758.4480
-54.0970 -758.4480
-54.0970 -758.4480
-54.0970 -758.4480
-49.0051 -753.9980
-49.0051 -753.9980
-45.7438 -753.1129
-45.7438 -753.1129
-41.2852 -753.6549
-41.2852 -753.6549
-37.9477 -754.8524
-37.9477 -754.8524
-35.6853 -755.7382
-34.4080 -756.7730
-34.4080 -756.7730
-34.4080 -756.7730
-34.4080 -756.7730
-31.3252 -760.2535
-29.6334 -763.9687
-29.6334 -763.9687
-28.5434 -766.8703
-28.5434 -766.8703
-27.8309 -769.4394
-25.6870 -773.7020
-25.6870 -773.7020
-25.6870 -773.7020
-25.6870 -773.7020
-21.1608 -779.7332
-21.1608 -779.7332
-19.2676 -781.3855
